0	DOC_000001	9.005179364261976E-4	6.345673986825274E-4	6.430252490182638E-4	7.374423372663858E-4	5.374832663914231E-4	2.3334895921748886E-4	6.098674178352103E-4	0.11546597822282617	0.0035916381033621486	0.005386115600016082	0.0010758541755245396	4.233466827030829E-4	6.49638857297273E-4	0.14303810960994157	9.133758873580584E-4	0.0019412621858706598	0.030100546057319277	0.5956055300342967	0.09154909717290018	5.621676500339145E-4	9.384086130224364E-4	5.609260945162318E-4	0.0011906885024286745	0.0010494154460150968	0.0016616485397303097
1	DOC_000002	0.0013554061754680825	9.551132033398472E-4	9.678434579106081E-4	0.0011099544579303258	8.089879268466927E-4	3.512230101908195E-4	9.179362574732717E-4	0.005412315211691026	0.17378614589330943	0.008106861674537096	0.0016193118808895512	6.371963121322149E-4	9.77797868745634E-4	0.004817195360215714	0.0013747592004240024	0.002921872678487623	0.003210499914121962	0.47551954680207165	0.22198438263982345	8.461413967258551E-4	0.001412436974049422	8.442726810148364E-4	0.0859822663427617	0.001579517873686491	0.0025010148061526856
2	DOC_000003	4.61592026738591E-4	3.252697584487358E-4	3.296051260415435E-4	3.780019134460982E-4	2.755058841540665E-4	1.1961118670218632E-4	3.1260891766086117E-4	0.016178931680036125	0.0018410199779272853	0.0027608423058473105	0.014887200738729	2.1700117829689716E-4	3.329951627371792E-4	0.15933359968311125	4.6818282009235485E-4	9.950619644103701E-4	0.001093355769676826	0.4916630289785948	0.233291239785271	2.8815873004800756E-4	0.07215968411102915	2.875223272574201E-4	6.103291192972626E-4	5.379146633539489E-4	8.517361910916183E-4
3	DOC_000005	0.0041515863658631615	0.002925495710886978	0.0029644882669683215	0.003399771874789638	0.0024779164416044988	0.001075790185168712	0.0028116233496880885	0.01657783065128094	0.016558244070305598	0.024831181240799468	0.004959925112086521	0.001951721609142605	0.0029949784602778078	0.014754988534904884	0.004210864356475429	0.00894964697250853	0.00983370735083939	0.8118261356795474	0.03525218327050863	0.0025917168962479712	0.004326270744693596	0.0025859930513902774	0.005489336694714505	0.00483803673593962	0.007660566373367458
4	DOC_000006	9.538728584544404E-4	6.721649774856075E-4	6.811239482620768E-4	7.811351687066152E-4	5.693286929063118E-4	2.4717468663590223E-4	6.460015437753327E-4	0.0038089398405236493	0.0038044396070379817	0.18345268748749774	0.0011395976206320048	4.4842961368409104E-4	6.881294072081058E-4	0.0033901217149136667	9.674926320459752E-4	0.002056280319739883	0.0022594029639076006	0.719768375807994	0.06734872848375158	5.954756052906372E-4	9.940085254207909E-4	5.941604886642188E-4	0.001261235783762269	0.0011115924188798208	0.0017600998028195261
5	DOC_000007	9.264278279203185E-4	6.528253053610118E-4	6.615265067457479E-4	7.586601833179273E-4	5.529478479936228E-4	2.400629245579079E-4	6.274146514690237E-4	0.0036993482222075717	0.06123939817775627	0.0055410860510490085	0.001106808878172622	4.355273025103507E-4	6.683304031533577E-4	0.0032925804198075757	9.396557305211081E-4	0.030769326943519124	0.05973881565392619	0.6415146279859464	0.1804997981155036	5.783424559147271E-4	9.654087030340277E-4	5.770651781005238E-4	0.0012249472424862664	0.0010796094479762492	0.0017094578410493234
6	DOC_000008	0.002993624435162693	0.0021095154173082125	0.002137632155920319	0.002451506306609882	0.0017867751153808268	7.75730407997829E-4	0.002027404375182802	0.011953936289928418	0.011939812805014022	0.01790525942749011	0.0035765010537200208	0.0014073467308320315	0.0021596180137780866	0.1036129726191283	0.003036368587765028	0.006453408288282357	0.007090886234662545	0.7713382054802048	0.025419631902439514	0.001868834307152571	0.0031195857855534563	0.0018647069591176204	0.003958248971346149	0.003488609826357875	0.005523878503664582
7	DOC_000009	0.0033004815982614014	0.002325748258296834	0.0023567470627234625	0.002702794431375612	0.001969925926337957	8.552455367266205E-4	0.0022352205420055767	0.013179257320417262	0.013163686128013913	0.019740612268658184	0.003943105145493618	0.0015516047814568383	0.0023809865492900556	0.011730110817985247	0.0033476071786916724	0.31462558680861435	0.007817727320092815	0.5428924366188698	0.028025234676446836	0.0020603964774296895	0.0034393544355397613	0.0020558460615261545	0.004363983583850956	0.0038462047543991	0.006090095717496327
8	DOC_000011	0.0020436148246243124	0.0014400727522623645	0.06492812411204987	0.0016735347867962193	0.001219752241187071	5.295567951261978E-4	0.0013840191802171056	0.07162928021421458	0.00815078142901375	0.012223127649201726	0.002441518878526087	9.607332866250461E-4	0.0014742755760018226	0.007263130439735928	0.002072794364615403	0.0044054560393012344	0.004840634001603916	0.780433862212978	0.017352856952310158	0.0012757704172921547	0.002129603060144	0.0012729528595746482	0.0027021212755959177	0.0023815194300041	0.003770907220998483
9	DOC_000013	3.798998738019357E-4	2.677038012535711E-4	2.712718992838375E-4	3.111034656072779E-4	2.2674709388144243E-4	9.844250355562167E-5	2.572836649883841E-4	0.0015169901857556764	0.0015151978733755395	0.20284857236383944	4.538686560015618E-4	1.7859649966733355E-4	2.740619702518209E-4	0.048544620379544934	3.853242343157873E-4	8.189567687630112E-4	0.3430594960272133	0.062489294976883915	0.003225827140639173	2.3716065018202767E-4	3.9588474503538147E-4	2.3663687740037976E-4	5.023136058846742E-4	4.4271499698175163E-4	0.33106202974589216
10	DOC_000014	0.0027389726926103403	0.0019300701366481501	0.0019557951335312804	0.0022429696760547665	0.0016347836393170697	7.097431392452077E-4	0.0018549438450861113	0.010937078373205594	0.010924156298194898	0.016382154037079138	0.003272267090744424	0.001287631213690932	0.0019759107711472476	0.009734474274505599	0.0027780808270080346	0.005904451095553007	0.006487702176339219	0.8758539434287971	0.023257318726824416	0.0017098624911598419	0.0028542191794415695	0.0017060862347170348	0.0036215417390795283	0.0031918523036263994	0.005053991476393166
11	DOC_000015	7.530845672549361E-4	5.306756206627614E-4	5.377487463633699E-4	6.16707808885758E-4	4.494861642440228E-4	1.9514491923292685E-4	5.100195363859421E-4	0.0030071657727515086	0.02639227509752488	0.05128162186564675	8.997146457956364E-4	3.5403609461408275E-4	5.432795704894916E-4	0.026065170276656013	7.638374062841441E-4	0.09517808657954963	0.5631116976871843	0.21742866670514807	0.006394633964827342	4.701292049003085E-4	7.8477175818499E-4	4.690909176414586E-4	9.957482236784016E-4	8.776044818932866E-4	0.0013896023841998759
12	DOC_000016	0.0011197305686913516	7.890398241479236E-4	7.995565647737963E-4	9.169575577377111E-4	6.683225499394339E-4	2.901529800117954E-4	7.583271392783774E-4	0.07402251761614366	0.0044659487760695185	0.04147289809201659	0.10566467799208301	5.264017545924471E-4	8.077801204186135E-4	0.003979590028301962	0.001135718524207569	0.0024138226718620347	0.002652263918881616	0.5319396288990129	0.21816177742226722	6.990158407843605E-4	0.0011668449537990864	6.974720540260489E-4	0.001480537210896499	0.0013048741247990404	0.002066142815257361
13	DOC_000017	0.0015513141443042994	0.0010931635465222832	0.0011077338091739167	0.001270385277333033	9.259175855940603E-4	4.0198815187335833E-4	0.0010506131118196108	0.15073280148438972	0.00618728263545765	0.009278612868415387	0.001853364305350337	7.292955201180721E-4	0.0011191270126328417	0.10187226408937743	0.29064986436926604	0.003344194895990332	0.0036745397927268183	0.39971208617513415	0.013172605771812566	9.684411511323564E-4	0.0016165880718556828	9.663023346162034E-4	0.0020511883667843956	0.0018078185439763816	0.002862506984343086
14	DOC_000018	3.362586487828068E-4	2.3695116711325482E-4	2.4010937775011202E-4	2.753652690900648E-4	0.19862218609490112	8.713386213354761E-5	2.2772805022827454E-4	0.0013427250316617077	0.03267084703996246	0.15865974911251152	4.0173022292584954E-4	1.5808012004443734E-4	2.4257893764839027E-4	0.0011950835344169393	0.20920578273414248	7.248786205687352E-4	7.964832849216938E-4	0.10752698058766633	0.11773085588853183	2.099166787726746E-4	0.021236879533531382	0.11508505064302801	4.4461003024197186E-4	0.021278330132301144	0.011063705397123254
15	DOC_000019	0.0012501554475172658	0.15618601988638334	8.926879581561908E-4	0.0010237636785139072	7.46167962067772E-4	3.239496524588505E-4	8.466561784385533E-4	0.004992035205416866	0.004986137153745364	0.08512988012295322	0.040319836616989686	0.03941398481359983	9.018693837372972E-4	0.0044431279201224095	0.0012680056609901571	0.0026949818527289005	0.002961196451319989	0.20563663721455724	0.010615390134932335	0.42786938889790826	0.0013027576599117159	7.787127655635792E-4	0.0016529884163272042	0.0014568643038372776	0.0023068046618227507
16	DOC_000020	8.760178861334731E-4	6.173029639023109E-4	6.255307047086176E-4	7.173790230111327E-4	5.228601628135557E-4	2.2700032249929955E-4	5.932749860751559E-4	0.0034980546913889	0.00349392176634519	0.0052395775936699565	0.0010465838186090566	4.11828849911605E-4	6.319643790530568E-4	0.030320041546855338	8.885260156661708E-4	0.2739546580302473	0.002074990802834103	0.4433680105372894	0.2250914610883679	5.468729677831269E-4	9.12877685448225E-4	5.456651907959919E-4	0.0011582938914915027	0.0010208643975958196	0.0016164406975036586
17	DOC_000021	8.308107780407322E-4	5.854468999373689E-4	5.932500462532236E-4	6.803585105877277E-4	4.95877841708186E-4	2.15285917715161E-4	5.626588915310171E-4	0.0033175367601330497	0.0033136171156537522	0.004969187965345345	9.925746156408373E-4	3.9057632570135565E-4	5.993517093269725E-4	0.5190050926877262	8.426734226206986E-4	0.0017909932515335688	0.001967910416691311	0.3688826664560592	0.08446247828554752	5.186514602558216E-4	8.657684187828394E-4	5.175060108828525E-4	0.0010985198640604695	9.68182451369994E-4	0.001533023896894613
18	DOC_000022	0.0027389726926103403	0.0019300701366481501	0.0019557951335312804	0.0022429696760547665	0.0016347836393170697	7.097431392452077E-4	0.0018549438450861113	0.010937078373205594	0.3511829269859926	0.016382154037079138	0.003272267090744424	0.001287631213690932	0.0019759107711472476	0.009734474274505599	0.0027780808270080346	0.005904451095553007	0.09155239484828864	0.36546578739710045	0.023257318726824416	0.0017098624911598419	0.0028542191794415695	0.0017060862347170348	0.0036215417390795283	0.08825654497557583	0.005053991476393166
19	DOC_000024	4.48726382637757E-4	3.162037332434616E-4	3.204182640512636E-4	0.15366526689597035	2.6782689394650995E-4	1.1627734454407594E-4	3.0389577955536E-4	0.0017918234921710451	0.04359819758695056	0.08630087344640765	5.360960985905008E-4	2.1095285040623676E-4	0.4462809524325162	0.02946712806286241	4.551334752412484E-4	0.028839654685290237	0.0010628813996846822	0.004129670023936993	0.1989165425534677	2.8012707557697943E-4	4.6760723504165664E-4	2.7950841081333824E-4	5.933178262540643E-4	5.229217297362911E-4	8.279963211033734E-4
20	DOC_000026	0.0010139484414564462	7.144984001614627E-4	7.240216132137488E-4	8.303316106092144E-4	6.051854141065934E-4	2.6274192211322777E-4	6.866871750085989E-4	0.004048829548581586	0.004044045887228252	0.06904526108610218	0.0012113702796822845	4.766720259077561E-4	7.314682808875964E-4	0.0036036339630776348	0.032518777395182594	0.0021857862994194848	0.002401701750470351	0.7336095425683751	0.008609695941526602	0.03212333047463071	0.09552766607260121	6.315811338129816E-4	0.001340669299813118	0.0011816012906418478	0.0018709521253894622
21	DOC_000027	9.538728584544404E-4	6.721649774856075E-4	6.811239482620768E-4	7.811351687066152E-4	5.693286929063118E-4	2.4717468663590223E-4	6.460015437753327E-4	0.0038089398405236493	0.03342901446003174	0.005705238369535189	0.0011395976206320048	0.03007300446667785	6.881294072081058E-4	0.329260445097845	9.674926320459752E-4	0.002056280319739883	0.0022594029639076006	0.5716455015430253	0.008099578777764058	5.954756052906372E-4	9.940085254207909E-4	5.941604886642188E-4	0.001261235783762269	0.0011115924188798208	0.0017600998028195261
22	DOC_000028	3.0161091472109206E-4	2.1253597049758114E-4	2.1536876246445677E-4	2.46991924202726E-4	1.800195343881231E-4	7.815568151603351E-5	2.042631937814193E-4	0.01993872443283925	0.0012029491139302435	0.01117115052443988	3.6033636739567194E-4	1.4179171235717113E-4	2.1758386153350505E-4	0.0010719433962170814	3.059174345416612E-4	0.02875171644101704	7.144144931137763E-4	0.7240483188445825	0.20863893152222493	1.8828708712481236E-4	3.1430165764282313E-4	1.8787125232550626E-4	3.987978849045745E-4	3.5148123073614786E-4	5.565367615019173E-4
23	DOC_000029	3.7546985207966336E-4	0.3617563404844715	0.5016921605427433	3.0747568048399834E-4	2.2410299047255153E-4	9.729456311336282E-5	0.05855940579384345	0.013160324990081277	0.0014975291139063167	0.002245734311131898	4.485760825004878E-4	1.7651388151552921E-4	2.708661269120642E-4	0.0013344425177304548	3.808309589928614E-4	8.094068938475128E-4	8.893613956280303E-4	0.050099581315427445	0.0031882106914355663	2.343951140383585E-4	3.912683233386021E-4	2.3387744898393094E-4	4.964561146378564E-4	4.375524865713707E-4	6.928223261126124E-4
24	DOC_000030	5.574976895954469E-4	3.9285154059460006E-4	3.980876739689446E-4	4.565399339711765E-4	3.3274815202305534E-4	1.4446298110344625E-4	3.7756013806009914E-4	0.10611190629708307	0.002223531440621641	0.0033344666235296597	0.01798033660812185	2.620878362973153E-4	4.021820636377051E-4	0.00198138043950015	5.654578619001675E-4	0.0012018074707283702	0.0013205239263066365	0.61113087953364	0.1778767634589508	3.4802989855260317E-4	5.809552619603506E-4	3.472612694064036E-4	0.05268001044109469	6.496779940897264E-4	0.018342993465262105
25	DOC_000031	0.0015513141443042994	0.0010931635465222832	0.0011077338091739167	0.001270385277333033	9.259175855940603E-4	4.0198815187335833E-4	0.0010506131118196108	0.006194601510082409	0.00618728263545765	0.009278612868415387	0.001853364305350337	7.292955201180721E-4	0.049298527004068615	0.053692864097941655	0.0015734644206514057	0.003344194895990332	0.6781861396728276	0.11063568622651958	0.06135200576324834	9.684411511323564E-4	0.0016165880718556828	9.663023346162034E-4	0.0020511883667843956	0.0018078185439763816	0.002862506984343086
26	DOC_000032	0.0011197305686913516	7.890398241479236E-4	7.995565647737963E-4	9.169575577377111E-4	6.683225499394339E-4	2.901529800117954E-4	7.583271392783774E-4	0.07402251761614366	0.0044659487760695185	0.006697255035005781	0.001337748821050592	5.264017545924471E-4	8.077801204186135E-4	0.003979590028301962	0.001135718524207569	0.0024138226718620347	0.002652263918881616	0.879696059469121	0.009507919080202373	6.990158407843605E-4	0.0011668449537990864	6.974720540260489E-4	0.001480537210896499	0.0013048741247990404	0.002066142815257361
27	DOC_000033	0.00218211091064099	0.001537666700673982	0.0015581615367584506	0.0017869504926284765	0.0013024150352121313	5.654449392934807E-4	0.0014778143695661147	0.008713456002353367	0.008703161120281327	0.013051490860262242	0.0026069809825083542	0.0010258423268904827	0.0015741874549557104	0.007755353889092113	0.002213267952474325	0.004704014461959927	0.0051686845006428585	0.9010941345680604	0.018528862694754334	0.0013622295715915995	0.002273926581898303	0.0013592210675610703	0.002885244443476256	0.0025429153622776243	0.0040264621741860655
28	DOC_000034	0.023062924912164794	5.069613261805213E-4	5.137183752059574E-4	5.891489951397091E-4	4.293999819331359E-4	1.8642448079329583E-4	0.08986120200032542	0.002872784595408408	0.002869390422233021	0.18305096125406625	8.595091092500996E-4	3.382152883095927E-4	5.190020434670847E-4	0.0025569029301929316	7.297038141538889E-4	0.001550890975893725	0.0017040904559525697	0.4758343558360201	0.11782634416624878	4.4912054730306746E-4	7.497026729466258E-4	0.045135115508100926	0.02329474466096466	8.383869819513082E-4	0.023670998665794047
29	DOC_000037	0.002524248287782433	0.0017787604275422437	0.0018024686884937481	0.0020671299058966706	0.0015066231998494474	6.541021415944148E-4	0.001709523734035019	0.010079655569911932	0.010067746533429622	0.015097859277623733	0.0030157345574359567	0.0011866861233132252	0.0018210073413057134	0.008971330778936928	0.0025602905022806227	0.005441565959549765	0.005979092509556629	0.8071905291398108	0.09983000288400605	0.0015758161727199333	0.002630459915171614	0.0015723359595415758	0.0033376274829858823	0.0029416239650803945	0.0046577789421456675
30	DOC_000038	0.002993624435162693	0.0021095154173082125	0.002137632155920319	0.002451506306609882	0.0017867751153808268	7.75730407997829E-4	0.002027404375182802	0.011953936289928418	0.011939812805014022	0.01790525942749011	0.0035765010537200208	0.0014073467308320315	0.0021596180137780866	0.010639521938369461	0.003036368587765028	0.006453408288282357	0.007090886234662545	0.8643116561609636	0.025419631902439514	0.001868834307152571	0.0031195857855534563	0.0018647069591176204	0.003958248971346149	0.003488609826357875	0.005523878503664582
31	DOC_000042	3.5091750632319356E-4	2.472808148868207E-4	2.505767045394468E-4	2.8736954099733926E-4	2.0944867381659396E-4	9.093237520252858E-5	2.3765562549906712E-4	0.1539802390170953	0.0013996042009436465	0.16557636127416941	4.192432478810576E-4	1.6497146385993988E-4	2.5315392241728144E-4	0.0012471819989272016	3.55928045141933E-4	7.564789748539048E-4	8.312051725199151E-4	0.569951448856671	0.10106621708771683	2.1906778522188692E-4	3.6568289988861137E-4	2.1858397079842736E-4	4.6399235726296047E-4	4.0894049581525517E-4	6.475179875504064E-4
32	DOC_000044	9.829936267295044E-4	6.926854906530413E-4	7.019179696959973E-4	8.049824309887874E-4	5.867097188905642E-4	2.547206784409825E-4	6.657233139199369E-4	0.00392522290014364	0.003920585279106415	0.18905331146417453	0.0011743883770133218	4.6211971373466776E-4	7.091372981790611E-4	0.003493618683098949	9.970291981574097E-4	0.0021190564666539948	0.00232838023857139	0.6806842063234874	0.09993379966527331	6.136548699184402E-4	0.00102435459479016	6.122996041188977E-4	0.0012997400295573223	0.0011455282049330764	0.001813833859769152
33	DOC_000045	0.002993624435162693	0.0021095154173082125	0.002137632155920319	0.002451506306609882	0.0017867751153808268	7.75730407997829E-4	0.002027404375182802	0.011953936289928418	0.011939812805014022	0.20385216078900778	0.0035765010537200208	0.0014073467308320315	0.0021596180137780866	0.289559873980646	0.003036368587765028	0.006453408288282357	0.007090886234662545	0.39944440275716947	0.025419631902439514	0.001868834307152571	0.0031195857855534563	0.0018647069591176204	0.003958248971346149	0.003488609826357875	0.005523878503664582
34	DOC_000046	0.0041515863658631615	0.002925495710886978	0.0029644882669683215	0.003399771874789638	0.0024779164416044988	0.001075790185168712	0.0028116233496880885	0.01657783065128094	0.016558244070305598	0.024831181240799468	0.004959925112086521	0.001951721609142605	0.0029949784602778078	0.014754988534904884	0.004210864356475429	0.00894964697250853	0.00983370735083939	0.6828896847006816	0.03525218327050863	0.0025917168962479712	0.13326272172355938	0.0025859930513902774	0.005489336694714505	0.00483803673593962	0.007660566373367458
35	DOC_000048	0.002340743448473744	0.001649450189716333	0.00167143493533963	0.0019168561221933264	0.001397096474794204	6.065509918261009E-4	0.0015852467840904165	0.08204372289731045	0.009335853312481601	0.014000292824254176	0.002796500226154658	0.0011004178083370666	0.0016886258869283342	0.37180327499115834	0.0023741655083651812	0.00504598138420197	0.005544431459972689	0.3850262079664291	0.09257267850506824	0.0014612593381349162	0.0024392338276358386	0.001458032125409464	0.003094992557609485	0.002727777238658373	0.004319173195456336
36	DOC_000049	3.587368933229594E-4	0.011394137309043942	2.5616022827540814E-4	2.937729082061947E-4	2.1411575427752512E-4	9.295859338687193E-5	2.429512327998243E-4	0.0014324836199422753	0.04599617679829914	0.024428345118931633	0.11184204923357059	1.6864747231376347E-4	2.5879487350755363E-4	0.034699011807457825	3.6385908043907664E-4	7.733353634779619E-4	0.3350901190135885	0.3375418808580232	0.08103555173447334	2.2394920538749662E-4	3.738312996176125E-4	2.2345461027585556E-4	0.011615677768150142	4.1805279126657004E-4	6.619464319646413E-4
37	DOC_000050	6.22127910894622E-4	4.3839447732815925E-4	4.4423763108133524E-4	5.094662106448599E-4	3.713233552992291E-4	1.6121044860421653E-4	4.213303558241919E-4	0.0024842386117871216	0.0024813035027396613	0.0037210284332293907	7.432599436082327E-4	2.9247145075141144E-4	4.4880667977616103E-4	0.0022110801470911845	6.310108990373902E-4	0.0013411319634424844	0.02079513253200162	0.8172293997255963	0.14053329737506093	3.8837670138600435E-4	6.483048991806666E-4	3.875189657327412E-4	8.225938880040359E-4	7.24994597754385E-4	0.0011479592941436528
38	DOC_000053	4.61592026738591E-4	3.252697584487358E-4	3.296051260415435E-4	3.780019134460982E-4	2.755058841540665E-4	1.1961118670218632E-4	3.1260891766086117E-4	0.0018431977020097298	0.0018410199779272853	0.18912538402019047	5.514667607026033E-4	2.1700117829689716E-4	3.329951627371792E-4	0.00164052592482088	4.6818282009235485E-4	9.950619644103701E-4	0.001093355769676826	0.5776774328467532	0.16161256989513906	2.8815873004800756E-4	4.8101422089717196E-4	2.875223272574201E-4	0.05795326503140285	5.379146633539489E-4	8.517361910916183E-4
39	DOC_000054	0.0011197305686913516	7.890398241479236E-4	7.995565647737963E-4	9.169575577377111E-4	6.683225499394339E-4	2.901529800117954E-4	7.583271392783774E-4	0.07402251761614366	0.0044659487760695185	0.006697255035005781	0.001337748821050592	5.264017545924471E-4	0.03558342317742943	0.003979590028301962	0.001135718524207569	0.0024138226718620347	0.24608176531795728	0.46238834278499136	0.1486104913082456	6.990158407843605E-4	0.0011668449537990864	6.974720540260489E-4	0.001480537210896499	0.0013048741247990404	0.002066142815257361
40	DOC_000055	0.002524248287782433	0.0017787604275422437	0.0018024686884937481	0.0020671299058966706	0.0015066231998494474	6.541021415944148E-4	0.001709523734035019	0.010079655569911932	0.010067746533429622	0.015097859277623733	0.0030157345574359567	0.0011866861233132252	0.0018210073413057134	0.008971330778936928	0.0025602905022806227	0.005441565959549765	0.005979092509556629	0.8071905291398108	0.021434038803302823	0.0015758161727199333	0.08102642399587483	0.0015723359595415758	0.0033376274829858823	0.0029416239650803945	0.0046577789421456675
41	DOC_000057	0.003677431411009406	0.0025913732419131047	0.002625912436787656	0.0030114820651258103	0.0021949122463500704	9.529235983442005E-4	0.0024905063055145546	0.014684467524196615	0.128877666163598	0.13620574664440865	0.004393449345874096	0.0017288144141774568	0.002652920328403742	0.013069813205261722	0.3463615839084931	0.007927502885347151	0.008710594243203758	0.1480542865280797	0.031226012093012456	0.0022957154886803183	0.0038321649911670585	0.11650119359350744	0.004862396541412823	0.004285481907989337	0.006785648888141772
42	DOC_000058	0.0012501554475172658	8.809462401472534E-4	8.926879581561908E-4	0.0010237636785139072	7.46167962067772E-4	3.239496524588505E-4	8.466561784385533E-4	0.19912337726321197	0.004986137153745364	0.12395614853451224	0.0014935682054306627	5.87716402040813E-4	9.018693837372972E-4	0.0044431279201224095	0.0012680056609901571	0.0026949818527289005	0.002961196451319989	0.5938993213301474	0.04944165854649136	7.804363707590361E-4	0.0013027576599117159	7.787127655635792E-4	0.0016529884163272042	0.0014568643038372776	0.0023068046618227507
43	DOC_000061	0.08092021236848566	0.0017787604275422437	0.0018024686884937481	0.0020671299058966706	0.0015066231998494474	6.541021415944148E-4	0.001709523734035019	0.010079655569911932	0.010067746533429622	0.015097859277623733	0.0030157345574359567	0.07958265020401645	0.0018210073413057134	0.08736729485964016	0.0025602905022806227	0.005441565959549765	0.005979092509556629	0.4936066728169979	0.17822596696470927	0.0015758161727199333	0.002630459915171614	0.0015723359595415758	0.0033376274829858823	0.0029416239650803945	0.0046577789421456675
44	DOC_000062	0.001203430723241957	0.038223152281681806	8.593236283109933E-4	9.855003763808517E-4	7.18279836347147E-4	3.1184199159133035E-4	8.150122924145462E-4	0.11693085180242091	0.004799779621831792	0.0071978766105602835	0.0014377458973139343	5.657504242162399E-4	8.681618969034361E-4	0.004277065429733766	0.0012206137826385832	0.002594256551530723	0.0028505213444860937	0.7959530452226877	0.010218638532469956	7.512674587564869E-4	0.001254066921029757	7.496082735319042E-4	0.001591207756860773	0.0014024138088700136	0.002220587534188968
45	DOC_000069	7.711200332816728E-4	5.43384660980196E-4	5.506271795004463E-4	6.314772162261917E-4	4.6025081511751097E-4	1.9981840440862865E-4	5.222338884274264E-4	0.07492556122435674	0.17071709314218497	0.004612169811104842	9.212617251457721E-4	3.6251483157708484E-4	5.562904601858495E-4	0.002740607143250642	7.821303898214429E-4	0.0016623168743510296	0.0018265231820812466	0.5339701230625711	0.030496570214197282	4.8138823167078533E-4	8.035660941718228E-4	4.803250786858308E-4	0.001019595191257085	8.9862204951626E-4	0.16906442909592803
46	DOC_000071	0.0027389726926103403	0.0019300701366481501	0.0019557951335312804	0.0022429696760547665	0.0016347836393170697	7.097431392452077E-4	0.0018549438450861113	0.010937078373205594	0.010924156298194898	0.186511539380978	0.003272267090744424	0.001287631213690932	0.0019759107711472476	0.009734474274505599	0.0027780808270080346	0.005904451095553007	0.006487702176339219	0.7057245580848982	0.023257318726824416	0.0017098624911598419	0.0028542191794415695	0.0017060862347170348	0.0036215417390795283	0.0031918523036263994	0.005053991476393166
47	DOC_000072	0.0027389726926103403	0.0019300701366481501	0.0019557951335312804	0.0022429696760547665	0.0016347836393170697	7.097431392452077E-4	0.0018549438450861113	0.010937078373205594	0.010924156298194898	0.016382154037079138	0.003272267090744424	0.001287631213690932	0.0019759107711472476	0.009734474274505599	0.0027780808270080346	0.005904451095553007	0.09155239484828864	0.7057245580848982	0.023257318726824416	0.0017098624911598419	0.0028542191794415695	0.08677077890666646	0.0036215417390795283	0.0031918523036263994	0.005053991476393166
48	DOC_000073	9.829936267295044E-4	6.926854906530413E-4	7.019179696959973E-4	8.049824309887874E-4	5.867097188905642E-4	2.547206784409825E-4	6.657233139199369E-4	0.00392522290014364	0.034449568274018724	0.005879413494700651	0.0011743883770133218	4.6211971373466776E-4	7.091372981790611E-4	0.034022601678011265	9.970291981574097E-4	0.0021190564666539948	0.8876688870910284	0.009046580435416486	0.00834685068053637	6.136548699184402E-4	0.00102435459479016	6.122996041188977E-4	0.0012997400295573223	0.0011455282049330764	0.001813833859769152
49	DOC_000074	4.7521720150366846E-4	3.3487100164171756E-4	3.3933433968830505E-4	3.891596931170923E-4	2.836382079442523E-4	1.231418441405102E-4	3.218364408621298E-4	0.0018976048177346606	0.0461720421386503	0.0028423362588121705	5.677448386512057E-4	2.2340657268686003E-4	3.428244427623928E-4	0.0016889506183543831	4.8200254048665395E-4	0.001024433990749228	0.930935895069978	0.004373467457769657	0.004035190985897394	2.9666453783833667E-4	4.952126958373017E-4	2.960093498462283E-4	6.283446837631333E-4	5.537927133902119E-4	8.768775578941626E-4
50	DOC_000075	0.001203430723241957	8.480207585569475E-4	8.593236283109933E-4	9.855003763808517E-4	7.18279836347147E-4	3.1184199159133035E-4	8.150122924145462E-4	0.004805457233046341	0.07955004266808151	0.0071978766105602835	0.0014377458973139343	5.657504242162399E-4	8.681618969034361E-4	0.004277065429733766	0.0012206137826385832	0.002594256551530723	0.8624785463763578	0.011075283237065803	0.010218638532469956	7.512674587564869E-4	0.001254066921029757	7.496082735319042E-4	0.001591207756860773	0.0014024138088700136	0.002220587534188968
51	DOC_000076	0.003677431411009406	0.11680192146813877	0.002625912436787656	0.0030114820651258103	0.0021949122463500704	9.529235983442005E-4	0.0024905063055145546	0.014684467524196615	0.014667117937372343	0.02199519841818299	0.004393449345874096	0.0017288144141774568	0.002652920328403742	0.013069813205261722	0.003729939229816097	0.007927502885347151	0.6939738836005578	0.03384373830185403	0.031226012093012456	0.0022957154886803183	0.0038321649911670585	0.0022906453672817836	0.004862396541412823	0.004285481907989337	0.006785648888141772
52	DOC_000077	2.1358190433276822E-4	1.5050462401224225E-4	0.8359414787972743	1.7490416610027238E-4	1.2747852645607458E-4	5.5344944356725005E-5	1.4464636319037663E-4	8.528606484790211E-4	8.5185300010189E-4	0.0012774613145111352	2.551675811198275E-4	1.004079841469043E-4	1.5407922336423827E-4	7.59082979847376E-4	2.1663151115874972E-4	0.013726913786025833	5.05903468590552E-4	0.11473079208464	0.028346561775605607	1.3333308798381825E-4	2.225686913100479E-4	1.3303861989931356E-4	2.82403611887069E-4	2.4889692956659375E-4	3.941043760392093E-4
53	DOC_000078	0.0013006550287753412	9.165317477948517E-4	9.287477682946347E-4	0.0010651182453998505	7.763091494756632E-4	3.3703548256930566E-4	8.808565513326761E-4	0.04558832828750066	0.005187550377084533	0.007779387902619937	0.001553900357807723	6.114569954690185E-4	9.383000742715502E-4	0.0046226064800789675	0.0013192262952241153	0.28556633594224096	0.0030808129207050834	0.37552182191277644	0.01104419501497329	8.119618182545237E-4	0.24372323174305427	8.101685886449209E-4	0.0017197602909886712	0.0015157138152638188	0.002399987209399192
54	DOC_000079	0.001160072847972576	8.174677923036789E-4	8.283634359436518E-4	9.499942175535787E-4	6.924012486134436E-4	3.0060677388079346E-4	7.85648573643659E-4	0.04066088290957929	0.2568267661212647	0.0069385474857026974	0.03741450536167358	5.453672514643546E-4	8.368832744513148E-4	0.0041229689239359055	0.0011766368264934388	0.038529348603113876	0.0027478211669686153	0.5871332067819924	0.009850475707342677	7.242003745100765E-4	0.0012088846965017128	7.226009673388764E-4	0.0015338788337103128	0.001351886859684906	0.002140582964359858
55	DOC_000080	0.02414174683554385	5.306756206627614E-4	5.377487463633699E-4	6.16707808885758E-4	4.494861642440228E-4	1.9514491923292685E-4	5.100195363859421E-4	0.0030071657727515086	0.0030036128292359634	0.027892959597357832	8.997146457956364E-4	3.5403609461408275E-4	5.432795704894916E-4	0.026065170276656013	7.638374062841441E-4	0.0016234375063939556	0.07194979005311711	0.5916472629977707	0.2168925943794276	4.701292049003085E-4	7.8477175818499E-4	4.690909176414586E-4	9.957482236784016E-4	0.024266266750182203	0.0013896023841998759
56	DOC_000081	8.528156537707007E-4	6.009530616532747E-4	6.089628823040341E-4	6.983785036752217E-4	5.09011675033948E-4	2.209879860933617E-4	5.775614894675775E-4	0.0034054051244656455	0.1358315108318708	0.3229331120086218	0.0010188639725524145	4.0092114035385006E-4	6.152261541835818E-4	0.0030309583096335023	8.649924926614662E-4	0.0018384295450613788	0.0020200325428258855	0.5110830314570481	0.007241476166769522	5.323884762307594E-4	8.88699183488583E-4	5.312126884561069E-4	0.0011276152895586297	9.938257567885576E-4	0.0015736276074311947
57	DOC_000082	0.0033004815982614014	0.002325748258296834	0.0023567470627234625	0.002702794431375612	0.2069770467223919	8.552455367266205E-4	0.0022352205420055767	0.013179257320417262	0.013163686128013913	0.019740612268658184	0.003943105145493618	0.0015516047814568383	0.0023809865492900556	0.011730110817985247	0.0033476071786916724	0.007114905614533436	0.11032128771811978	0.5428924366188698	0.028025234676446836	0.0020603964774296895	0.0034393544355397613	0.0020558460615261545	0.004363983583850956	0.0038462047543991	0.006090095717496327
58	DOC_000083	0.0010469162004934287	7.377297698502384E-4	7.475626229003085E-4	8.57329208652793E-4	6.248625555560185E-4	2.7128477500691173E-4	7.090142839560238E-4	0.004180474148525661	0.004175534950077576	0.006261742771904635	0.0012507570589821895	4.921706527089613E-4	7.552514132851956E-4	0.003720803368635948	0.0010618644836882496	0.002256855471262277	0.03499402736625978	0.009634865740091522	0.008889633628273495	6.53559908589405E-4	0.0010909668091172698	6.521165119254445E-4	0.0013842601379833817	0.0012200201540030983	0.9123303960082703
59	DOC_000084	0.0015513141443042994	0.0010931635465222832	0.0011077338091739167	0.001270385277333033	9.259175855940603E-4	4.0198815187335833E-4	0.0010506131118196108	0.006194601510082409	0.00618728263545765	0.05745801285985116	0.001853364305350337	7.292955201180721E-4	0.0011191270126328417	0.005513464106505878	0.0015734644206514057	0.003344194895990332	0.0036745397927268183	0.7369678861151846	0.06135200576324834	9.684411511323564E-4	0.0016165880718556828	0.09732510231748774	0.0020511883667843956	0.0018078185439763816	0.002862506984343086
60	DOC_000085	0.0027389726926103403	0.08699476280859758	0.0019557951335312804	0.0022429696760547665	0.0016347836393170697	7.097431392452077E-4	0.0018549438450861113	0.010937078373205594	0.010924156298194898	0.016382154037079138	0.003272267090744424	0.001287631213690932	0.0019759107711472476	0.009734474274505599	0.0027780808270080346	0.005904451095553007	0.006487702176339219	0.7907892507568476	0.023257318726824416	0.0017098624911598419	0.0028542191794415695	0.0017060862347170348	0.0036215417390795283	0.0031918523036263994	0.005053991476393166
61	DOC_000087	7.530845672549361E-4	5.306756206627614E-4	5.377487463633699E-4	6.16707808885758E-4	4.494861642440228E-4	1.9514491923292685E-4	5.100195363859421E-4	0.1199504771141961	0.0030036128292359634	0.004504297329068913	8.997146457956364E-4	3.5403609461408275E-4	5.432795704894916E-4	0.002676508008367093	7.638374062841441E-4	0.14195541111612744	0.001783803248250348	0.7085905743392154	0.006394633964827342	4.701292049003085E-4	7.8477175818499E-4	4.690909176414586E-4	9.957482236784016E-4	8.776044818932866E-4	0.0013896023841998759
62	DOC_000089	4.250330613429212E-4	2.995077756705549E-4	3.034997739141933E-4	3.4806344381781097E-4	2.536852947555498E-4	1.1013775349217842E-4	2.878496975246488E-4	0.5561105107151386	0.10729774060739324	0.028942811577769803	5.077895456435871E-4	1.9981427274259338E-4	3.0662131326354366E-4	0.0015105931550978204	4.311018513426568E-4	9.162511665279628E-4	0.0010067599156903622	0.10951415112570373	0.1356122307333522	2.6533601121830967E-4	0.05324418343536312	2.647500127376996E-4	5.61989893617798E-4	4.953108001496189E-4	7.842770667294194E-4
63	DOC_000090	0.0018134230473619134	0.001277863659709237	0.0012948957032805524	0.0014850286445226178	0.0010823599435606027	4.69907775965315E-4	0.0012281239346842337	0.007241236849963799	0.007232681383636093	0.12348583285438841	0.00216650738267293	8.525167577280115E-4	0.0013082138940619327	0.17540428348326784	0.0018393158181980174	0.00390922761938627	0.004295387348232801	0.636206416385975	0.015398239607445878	0.0011320682596268712	0.0018897256099654372	0.0011295680702366625	0.0023977556528214246	0.0021132662427733023	0.0033461540705349018
64	DOC_000091	0.001716736846742816	0.001209731856517346	0.00122585580333535	0.0014058514345173206	0.0010246518038094208	4.4485372276711004E-4	0.0011626441023270036	0.006855156128300691	0.006847056813412636	0.010268027695328091	0.0020509957993451455	8.070631574835768E-4	0.0012384639086969792	0.0061013863759215164	0.001741249093801368	0.0037007994942317183	0.004066370360998555	0.9221875740971753	0.014577252311606509	0.0010717098236711646	0.0017889711888137024	0.0010693429367738957	0.0022699146151653063	0.0020005933150703116	0.003167747314187121
65	DOC_000092	9.264278279203185E-4	6.528253053610118E-4	6.615265067457479E-4	7.586601833179273E-4	5.529478479936228E-4	2.400629245579079E-4	6.274146514690237E-4	0.0036993482222075717	0.0036949774703863942	0.0055410860510490085	0.001106808878172622	4.355273025103507E-4	6.683304031533577E-4	0.0032925804198075757	9.396557305211081E-4	0.0019971165898341847	0.0021943949465563117	0.6127424176322614	0.26681642917655846	5.783424559147271E-4	9.654087030340277E-4	5.770651781005238E-4	0.0012249472424862664	0.0010796094479762492	0.08802608890210413
66	DOC_000093	7.037081878329711E-4	4.958815989351046E-4	5.024909714883535E-4	5.762730422100474E-4	4.200153712472473E-4	1.8235014160332253E-4	4.765798415147525E-4	0.0028099993924585766	0.04651702444257445	0.11348483335105114	8.40724389383616E-4	3.308235348341691E-4	5.076591642680872E-4	0.0025010213755327707	7.137560114059405E-4	0.19821354867978275	0.0016668472650454413	0.13760732607467283	0.005975366479287419	4.39304940258797E-4	7.333177916895285E-4	4.383347288414543E-4	9.304614760289196E-4	8.200638898209613E-4	0.4821122878582313
67	DOC_000094	4.250330613429212E-4	2.995077756705549E-4	3.034997739141933E-4	3.4806344381781097E-4	2.536852947555498E-4	1.1013775349217842E-4	0.013488166311158394	0.0016972129425214264	0.028095840925590778	0.16094597771410724	5.077895456435871E-4	1.9981427274259338E-4	3.0662131326354366E-4	0.054311859609632786	4.311018513426568E-4	0.05371751762106294	0.0010067599156903622	0.5319242827619834	0.1356122307333522	2.6533601121830967E-4	4.429169808281538E-4	2.647500127376996E-4	5.61989893617798E-4	4.953108001496189E-4	0.013984593680363163
68	DOC_000095	0.0015513141443042994	0.0010931635465222832	0.0011077338091739167	0.001270385277333033	9.259175855940603E-4	4.0198815187335833E-4	0.0010506131118196108	0.10255340149295394	0.10254608261832919	0.009278612868415387	0.001853364305350337	7.292955201180721E-4	0.0011191270126328417	0.005513464106505878	0.0015734644206514057	0.003344194895990332	0.0036745397927268183	0.6887884861237488	0.013172605771812566	9.684411511323564E-4	0.0016165880718556828	0.04914570232605197	0.0020511883667843956	0.0018078185439763816	0.002862506984343086
69	DOC_000096	0.002993624435162693	0.0021095154173082125	0.002137632155920319	0.002451506306609882	0.0017867751153808268	7.75730407997829E-4	0.002027404375182802	0.011953936289928418	0.10491326348577285	0.01790525942749011	0.0035765010537200208	0.0014073467308320315	0.0021596180137780866	0.010639521938369461	0.003036368587765028	0.006453408288282357	0.007090886234662545	0.7713382054802048	0.025419631902439514	0.001868834307152571	0.0031195857855534563	0.0018647069591176204	0.003958248971346149	0.003488609826357875	0.005523878503664582
70	DOC_000098	0.003677431411009406	0.0025913732419131047	0.002625912436787656	0.0030114820651258103	0.0021949122463500704	9.529235983442005E-4	0.0024905063055145546	0.014684467524196615	0.014667117937372343	0.02199519841818299	0.004393449345874096	0.0017288144141774568	0.002652920328403742	0.46991200611016437	0.003729939229816097	0.007927502885347151	0.008710594243203758	0.37647538298053107	0.031226012093012456	0.0022957154886803183	0.0038321649911670585	0.0022906453672817836	0.004862396541412823	0.004285481907989337	0.006785648888141772
71	DOC_000099	9.005179364261976E-4	6.345673986825274E-4	6.430252490182638E-4	7.374423372663858E-4	5.374832663914231E-4	2.3334895921748886E-4	6.098674178352103E-4	0.22733606982957064	0.0035916381033621486	0.005386115600016082	0.0010758541755245396	4.233466827030829E-4	6.49638857297273E-4	0.003200495101510964	9.133758873580584E-4	0.05787630798924291	0.002133023155633154	0.651540575837669	0.007646528467841803	5.621676500339145E-4	9.384086130224364E-4	5.609260945162318E-4	0.0011906885024286745	0.0010494154460150968	0.029629171441416434
72	DOC_000100	9.829936267295044E-4	6.926854906530413E-4	7.019179696959973E-4	8.049824309887874E-4	0.03111569271380288	2.547206784409825E-4	6.657233139199369E-4	0.034454205895055955	0.003920585279106415	0.06693737948452527	0.0011743883770133218	4.6211971373466776E-4	7.091372981790611E-4	0.003493618683098949	9.970291981574097E-4	0.0021190564666539948	0.00232838023857139	0.19222047840489034	0.09993379966527331	6.136548699184402E-4	0.00102435459479016	6.122996041188977E-4	0.3065895699786804	0.24537739216423157	0.001813833859769152
